pres,date,DOD,Health & Human Services,Social Security Administration,Treasury,Legislative,Judicial,Agriculture,Commerce,Veterans Affairs,Transportation, Education,Energy,Homeland Security,Housing and Urban Development,National Aeronautics and Space Administration,Interior,Justice,Labor,State,Corps of Engineers--Civil Works,Other Defense Civil Programs,Environmental Protection Agency,International Assistance Programs,National Science Foundation,Office of Personnel Management,Social Security Administration 2Regan,1985,24.57305503,11.4800759,18.40607211,16.41366224,0.189753321,0.09487666,5.59772296,0.189753321,2.65654649,2.277039848,1.707779886,1.043643264,0.474383302,2.84629981,0.759013283,0.474383302,0.284629981,2.466793169,0.284629981,0.284629981,1.612903226,0.474383302,1.233396584,0.09487666,2.371916509,1.707779886Regan,1986,25.37878788,11.74242424,18.27651515,17.04545455,0.189393939,0.09469697,5.587121212,0.189393939,2.556818182,2.367424242,1.704545455,1.041666667,0.473484848,1.325757576,0.662878788,0.473484848,0.284090909,2.367424242,0.378787879,0.284090909,1.704545455,0.473484848,1.041666667,0.189393939,2.272727273,1.893939394Regan,1987,25.70621469,12.33521657,19.02071563,16.76082863,0.188323917,0.094161959,4.61393597,0.188323917,2.542372881,2.165725047,1.600753296,1.035781544,0.470809793,1.412429379,0.753295669,0.470809793,0.376647834,2.259887006,0.376647834,0.282485876,1.694915254,0.470809793,0.941619586,0.188323917,2.542372881,1.506591337Regan,1988,25.11848341,12.51184834,19.14691943,17.81990521,0.18957346,0.09478673,3.886255924,0.18957346,2.559241706,2.085308057,1.611374408,0.947867299,0.568720379,1.706161137,0.853080569,0.473933649,0.379146919,1.990521327,0.379146919,0.28436019,1.706161137,0.473933649,0.663507109,0.18957346,2.559241706,1.611374408G.H.W. Bush,1989,24.52471483,12.64258555,18.91634981,18.91634981,0.190114068,0.095057034,3.992395437,0.190114068,2.47148289,1.996197719,1.80608365,0.950570342,0.475285171,1.615969582,0.950570342,0.475285171,0.475285171,2.091254753,0.380228137,0.285171103,1.711026616,0.380228137,0.380228137,0.190114068,2.376425856,1.520912548G.H.W. Bush,1990,22.58064516,13.68523949,19.15933529,19.84359726,0.195503421,0.097751711,3.616813294,0.293255132,2.248289345,1.955034213,1.759530792,0.977517107,0.586510264,1.56402737,0.977517107,0.488758553,0.488758553,2.052785924,0.391006843,0.293255132,1.661779081,0.391006843,0.782013685,0.097751711,2.443792766,1.368523949G.H.W. Bush,1991,19.31707317,14.63414634,19.6097561,20.19512195,0.195121951,0.195121951,4,0.195121951,2.341463415,2.048780488,1.853658537,0.87804878,0.487804878,1.658536585,0.975609756,0.487804878,0.585365854,2.536585366,0.390243902,0.292682927,1.756097561,0.390243902,0.87804878,0.195121951,2.536585366,1.365853659G.H.W. Bush,1992,19.23791822,15.6133829,18.95910781,19.60966543,0.185873606,0.185873606,3.810408922,0.185873606,2.323420074,1.951672862,1.765799257,1.022304833,0.464684015,1.672862454,0.92936803,0.464684015,0.650557621,3.252788104,0.371747212,0.278810409,1.672862454,0.371747212,0.743494424,0.185873606,2.416356877,1.672862454Clinton,1993,18.06569343,16.42335766,19.34306569,19.25182482,0.182481752,0.182481752,4.105839416,0.182481752,2.281021898,2.00729927,1.916058394,1.094890511,0.638686131,1.642335766,0.912408759,0.45620438,0.638686131,2.919708029,0.45620438,0.182481752,1.642335766,0.364963504,0.729927007,0.182481752,2.372262774,1.824817518Clinton,1994,17.03703704,17.68518519,19.90740741,19.35185185,0.185185185,0.185185185,3.796296296,0.185185185,2.407407407,2.12962963,1.574074074,1.111111111,0.648148148,1.666666667,0.833333333,0.462962963,0.555555556,2.407407407,0.462962963,0.185185185,1.666666667,0.37037037,0.648148148,0.185185185,2.407407407,1.944444444Clinton,1995,15.63071298,18.28153565,19.92687386,20.93235832,0.182815356,0.182815356,3.382084095,0.182815356,2.285191956,2.1023766,1.919561243,1.096892139,0.548446069,1.736745887,0.822669104,0.457038391,0.639853748,2.010968921,0.365630713,0.182815356,1.645338208,0.365630713,0.639853748,0.182815356,2.468007313,1.828153565Clinton,1996,14.95844875,18.9289012,20.31394275,21.5143121,0.092336103,0.184672207,3.23176362,0.184672207,2.216066482,2.123730379,1.754385965,0.923361034,0.55401662,1.477377655,0.831024931,0.369344414,0.646352724,1.939058172,0.369344414,0.184672207,1.754385965,0.369344414,0.55401662,0.184672207,2.493074792,1.846722068Clinton,1997,14.67639015,19.325433,20.41932543,21.51321787,0.091157703,0.182315406,3.008204193,0.182315406,2.278942571,2.096627165,1.731996354,0.820419325,0.63810392,1.549680948,0.820419325,0.364630811,0.729261623,1.731996354,0.364630811,0.182315406,1.731996354,0.364630811,0.546946217,0.182315406,2.552415679,1.914311759Clinton,1998,14.22018349,19.44954128,20.55045872,21.55963303,0.183486239,0.183486239,3.027522936,0.183486239,2.293577982,2.018348624,1.743119266,0.825688073,0.550458716,1.651376147,0.825688073,0.366972477,0.733944954,1.743119266,0.275229358,0.183486239,1.743119266,0.366972477,0.458715596,0.183486239,2.568807339,2.110091743Clinton,1999,14.04958678,19.37557392,20.4775023,20.75298439,0.183654729,0.183654729,3.397612489,0.275482094,2.295684114,2.02020202,1.652892562,0.826446281,0.734618916,1.744719927,0.734618916,0.459136823,0.918273646,1.744719927,0.367309458,0.183654729,1.744719927,0.367309458,0.550964187,0.183654729,2.571166208,2.203856749G. W. Bush,2000,14.43014706,19.66911765,20.3125,20.03676471,0.183823529,0.183823529,3.860294118,0.367647059,2.389705882,2.113970588,1.746323529,0.735294118,0.643382353,1.5625,0.735294118,0.367647059,0.827205882,1.654411765,0.367647059,0.183823529,1.654411765,0.367647059,0.643382353,0.183823529,2.481617647,2.297794118G. W. Bush,2001,14.25959781,20.93235832,20.65813528,19.01279707,0.182815356,0.182815356,3.382084095,0.274223035,2.193784278,2.376599634,1.736745887,0.822669104,0.731261426,1.645338208,0.731261426,0.365630713,0.914076782,1.919561243,0.365630713,0.182815356,1.645338208,0.365630713,0.548446069,0.182815356,2.468007313,1.919561243G. W. Bush,2002,15.09606587,21.13449222,20.12808783,16.92589204,0.182982617,0.182982617,3.110704483,0.274473925,2.287282708,2.561756633,2.104300091,0.823421775,0.823421775,1.463860933,0.640439158,0.457456542,1.006404392,2.927721866,0.457456542,0.182982617,1.555352242,0.365965233,0.640439158,0.182982617,2.378774016,2.104300091G. W. Bush,2003,16.49862511,21.44821265,19.61503208,15.58203483,0.183318057,0.183318057,3.116406966,0.274977085,2.383134739,2.199816682,2.383134739,0.824931256,1.374885426,1.558203483,0.641613199,0.366636114,0.916590284,2.933088909,0.366636114,0.183318057,1.649862511,0.366636114,0.54995417,0.183318057,2.29147571,1.924839597G. W. Bush,2004,17.52293578,21.74311927,19.26605505,15.04587156,0.183486239,0.183486239,2.844036697,0.275229358,2.385321101,2.201834862,2.47706422,0.825688073,1.100917431,1.834862385,0.642201835,0.366972477,1.19266055,2.293577982,0.458715596,0.183486239,1.651376147,0.366972477,0.550458716,0.183486239,2.293577982,1.926605505G. W. Bush,2005,17.7613321,21.73913043,18.96392229,15.35615171,0.185013876,0.185013876,3.237742831,0.185013876,2.590194265,2.127659574,2.682701203,0.832562442,1.480111008,1.572617946,0.555041628,0.370027752,0.832562442,1.757631822,0.46253469,0.185013876,1.665124884,0.277520814,0.555041628,0.185013876,2.220166512,2.035152636G. W. Bush,2006,17.37523105,21.34935305,18.5767098,16.17375231,0.184842884,0.184842884,3.234750462,0.184842884,2.402957486,2.125693161,3.234750462,0.646950092,2.402957486,1.478743068,0.554528651,0.277264325,0.831792976,1.478743068,0.462107209,0.277264325,1.57116451,0.277264325,0.462107209,0.184842884,2.218114603,1.848428835G. W. Bush,2007,17.84728611,22.63109476,19.13523459,16.55933763,0.18399264,0.18399264,2.851885925,0.18399264,2.483900644,2.115915363,2.207911684,0.643974241,1.287948482,1.563937443,0.551977921,0.367985281,0.827966881,1.563937443,0.459981601,0.09199632,1.563937443,0.27598896,0.459981601,0.18399264,1.931922723,1.839926403Obama,2008,18.49442379,21.8401487,18.6802974,17.10037175,0.092936803,0.185873606,2.788104089,0.278810409,2.602230483,2.044609665,2.044609665,0.650557621,1.301115242,1.486988848,0.557620818,0.278810409,0.836431227,1.858736059,0.557620818,0.185873606,1.394052045,0.278810409,0.371747212,0.185873606,2.044609665,1.858736059Obama,2009,17.05937795,21.30065975,17.34213007,18.75589067,0.094250707,0.188501414,3.110273327,0.282752121,2.544769086,1.979264844,1.413760603,0.659754948,1.413760603,1.602262017,0.471253534,0.282752121,0.754005655,3.675777568,0.565504241,0.188501414,1.50801131,0.188501414,0.377002828,0.188501414,1.979264844,2.073515551Obama,2010,17.93680297,22.95539033,18.40148699,11.98884758,0.185873606,0.185873606,3.43866171,0.371747212,2.881040892,2.044609665,2.50929368,0.836431227,1.208178439,1.579925651,0.464684015,0.371747212,0.836431227,4.646840149,0.650557621,0.278810409,1.486988848,0.278810409,0.557620818,0.185873606,1.858736059,1.858736059Obama,2011,17.55368814,23.06255836,16.33986928,14.00560224,0.093370682,0.186741363,3.641456583,0.280112045,3.267973856,1.960784314,1.680672269,0.840336134,1.213818861,1.493930906,0.466853408,0.373482726,0.746965453,3.454715219,0.653594771,0.280112045,1.400560224,0.280112045,0.56022409,0.186741363,1.960784314,4.014939309Obama,2012,17.44075829,22.74881517,16.96682464,12.41706161,0.09478673,0.18957346,3.791469194,0.28436019,3.317535545,1.990521327,1.516587678,0.853080569,1.232227488,1.327014218,0.473933649,0.379146919,0.853080569,2.843601896,0.758293839,0.18957346,2.085308057,0.379146919,0.568720379,0.18957346,2.085308057,5.023696682Obama,2013,16.51031895,24.10881801,20.54409006,10.88180113,0.09380863,0.187617261,4.221388368,0.281425891,3.752345216,2.063789869,1.125703565,0.656660413,1.594746717,1.500938086,0.469043152,0.281425891,0.844277674,2.157598499,0.750469043,0.187617261,1.500938086,0.281425891,0.562851782,0.187617261,2.251407129,3.001876173Obama,2014,15.46391753,25.02343018,22.02436739,11.90253046,0.093720712,0.187441425,3.748828491,0.187441425,4.029990628,2.06185567,1.593252109,0.656044986,1.124648547,1.030927835,0.468603561,0.281162137,0.749765698,1.499531396,0.749765698,0.187441425,1.499531396,0.281162137,0.468603561,0.187441425,2.343017807,2.155576382Obama,2015,14.33926898,26.14807873,21.74320525,12.37113402,0.093720712,0.187441425,3.561387067,0.187441425,4.029990628,1.874414246,2.249297095,0.656044986,1.124648547,0.937207123,0.468603561,0.281162137,0.656044986,1.124648547,0.656044986,0.187441425,1.593252109,0.187441425,0.562324274,0.187441425,2.343017807,2.249297095